out.grd
DSAA
100 100
432504.32769464 445604.32769464
9160349.2464269 9171849.2464269
718.36724498986 2839.4380084361
[rows 37 to 73 of 100, columns 0 to 83 of 100]
883.7 888.5 915.5 929.9 940.3 957.8 977.7 992.9 1011 1020 1030 1047 1049 1041 1059 1084 1090 1124 1152 1171 1192 1209 1227 1241 1263 1286 1308 1328 1338 1358 1385 1421 1454 1476 1502 1530 1567 1609 1640 1674 1699 1708 1730 1776 1770 1772 1802 1825 1809 1818 1767 1754 1747 1724 1698 1725 1730 1691 1684 1736 1739 1720 1720 1763 1786 1753 1695 1632 1583 1533 1483 1425 1398 1381 1350 1363 1349 1324 1287 1240 1218 1246 1216 1201
877.7 883.3 892.7 913.9 931.1 948.5 974.4 996.5 1006 1021 1038 1056 1072 1058 1055 1086 1117 1120 1154 1173 1189 1212 1233 1252 1269 1290 1314 1337 1357 1380 1416 1435 1470 1492 1524 1560 1588 1631 1672 1708 1745 1758 1769 1812 1816 1813 1852 1864 1862 1864 1817 1810 1807 1797 1767 1785 1771 1711 1712 1770 1787 1780 1795 1833 1842 1807 1750 1684 1628 1574 1520 1471 1459 1439 1395 1386 1360 1333 1292 1272 1260 1233 1234 1221
902.5 917.9 905.7 914.5 934 946 966.2 986.4 996.6 1015 1031 1048 1067 1072 1072 1079 1094 1119 1134 1146 1181 1211 1233 1249 1276 1300 1322 1345 1368 1398 1429 1461 1485 1523 1543 1584 1620 1652 1701 1746 1783 1810 1815 1847 1872 1870 1902 1912 1912 1914 1884 1876 1868 1844 1817 1827 1784 1741 1745 1797 1831 1828 1847 1895 1894 1862 1791 1699 1647 1593 1534 1516 1500 1455 1428 1405 1367 1332 1335 1299 1278 1263 1255 1233
911.7 925.1 935 938.1 943.6 958.6 969.6 989.8 1008 1019 1035 1056 1078 1093 1093 1098 1110 1120 1139 1159 1197 1207 1226 1240 1273 1323 1330 1358 1370 1405 1443 1476 1514 1542 1576 1606 1636 1680 1727 1772 1819 1860 1886 1903 1928 1934 1950 1964 1963 1967 1951 1936 1929 1910 1887 1877 1816 1780 1781 1856 1881 1870 1877 1938 1924 1878 1804 1724 1658 1608 1585 1571 1520 1477 1447 1399 1361 1352 1341 1318 1299 1281 1253 1230
925.5 928.3 943.5 950.7 953 963.5 975.4 988.1 999.3 1019 1051 1060 1084 1100 1126 1111 1132 1144 1141 1179 1201 1218 1232 1256 1265 1283 1321 1366 1404 1417 1471 1500 1529 1567 1599 1635 1667 1701 1745 1797 1852 1903 1942 1969 2002 2008 2006 2023 2025 2030 2026 2014 1996 1973 1967 1917 1869 1851 1846 1899 1933 1917 1886 1954 1942 1877 1802 1735 1671 1641 1636 1605 1539 1499 1451 1414 1392 1379 1355 1325 1306 1274 1259 1231
931.2 942.9 950.6 961 970.2 964.9 987.3 996.5 1015 1028 1028 1049 1071 1094 1122 1143 1132 1155 1160 1195 1214 1232 1247 1261 1284 1286 1305 1352 1398 1433 1473 1530 1541 1588 1625 1662 1693 1732 1777 1827 1881 1938 1990 2028 2058 2080 2082 2092 2104 2108 2101 2083 2037 2027 2012 1966 1960 1917 1911 1977 1981 1935 1892 1962 1947 1872 1813 1745 1701 1682 1668 1619 1570 1539 1494 1442 1419 1391 1348 1324 1308 1280 1258 1242
930.8 942.4 956.7 969.6 979.6 987.4 988.9 1005 1023 1041 1058 1060 1086 1106 1124 1146 1161 1162 1179 1208 1225 1244 1263 1282 1303 1314 1322 1333 1385 1429 1475 1530 1586 1595 1636 1681 1725 1764 1809 1861 1912 1973 2033 2082 2127 2154 2158 2174 2192 2185 2172 2126 2102 2100 2067 2023 2014 1984 1982 2034 2017 1963 1944 1989 1962 1892 1818 1758 1726 1707 1684 1662 1609 1567 1530 1468 1431 1391 1384 1352 1323 1304 1280 1259
910.3 921.4 942.6 972.5 987.1 1001 1008 1008 1018 1035 1053 1066 1087 1107 1139 1151 1175 1176 1188 1202 1234 1255 1278 1301 1320 1337 1342 1358 1395 1437 1466 1515 1579 1626 1656 1687 1733 1786 1837 1894 1951 2007 2077 2132 2179 2215 2243 2266 2274 2259 2237 2186 2177 2166 2124 2098 2081 2060 2051 2072 2051 1997 1995 2012 1961 1889 1825 1783 1761 1744 1710 1671 1634 1596 1528 1468 1441 1416 1394 1364 1340 1317 1285 1262
940.4 958.1 951.6 964 976.3 997.1 1018 1032 1041 1047 1066 1081 1086 1101 1117 1141 1173 1195 1197 1208 1231 1248 1286 1307 1339 1356 1369 1391 1436 1461 1485 1527 1588 1646 1689 1704 1738 1798 1861 1922 1984 2047 2123 2182 2233 2285 2318 2356 2362 2339 2299 2268 2262 2230 2190 2160 2149 2120 2117 2118 2079 2038 2030 2041 1973 1905 1864 1837 1804 1762 1721 1687 1640 1576 1488 1412 1428 1415 1386 1362 1342 1292 1267 1254
950.2 960.4 972.9 982.1 980.6 987.3 1023 1036 1050 1069 1068 1091 1113 1122 1134 1143 1169 1194 1217 1220 1231 1246 1272 1302 1339 1364 1387 1411 1457 1479 1502 1522 1580 1632 1691 1736 1776 1827 1888 1955 2020 2085 2163 2235 2296 2351 2400 2446 2444 2415 2369 2355 2336 2298 2256 2226 2210 2187 2171 2157 2122 2071 2072 2078 2010 1953 1907 1864 1810 1762 1716 1654 1610 1553 1484 1419 1372 1356 1335 1297 1265 1241 1225 1216
942.8 962.6 976.5 990.3 999.1 1011 1002 1011 1034 1072 1092 1093 1110 1131 1148 1166 1164 1187 1218 1238 1243 1261 1273 1289 1314 1355 1389 1416 1450 1482 1517 1553 1590 1635 1687 1733 1792 1861 1921 1989 2063 2133 2196 2283 2353 2410 2478 2540 2524 2479 2451 2444 2411 2362 2314 2278 2264 2230 2201 2177 2153 2110 2131 2115 2054 1994 1943 1888 1832 1784 1727 1665 1587 1539 1510 1464 1411 1378 1353 1340 1304 1292 1281 1253
945.4 963.5 976.5 990.1 1005 1017 1025 1030 1042 1063 1094 1108 1123 1140 1158 1185 1197 1210 1220 1246 1263 1272 1291 1302 1316 1333 1366 1420 1457 1495 1516 1556 1603 1653 1706 1759 1811 1880 1948 2016 2097 2176 2250 2320 2401 2470 2542 2605 2585 2538 2525 2516 2476 2424 2371 2331 2311 2256 2212 2206 2174 2180 2215 2178 2101 2034 1970 1913 1854 1790 1726 1667 1595 1527 1487 1459 1436 1407 1381 1364 1350 1327 1301 1277
955.8 967.3 974.6 985.7 1002 1020 1030 1046 1061 1066 1089 1117 1135 1152 1176 1189 1206 1225 1240 1258 1276 1298 1302 1316 1333 1346 1376 1390 1428 1462 1510 1562 1619 1666 1715 1779 1828 1896 1965 2040 2124 2207 2290 2364 2441 2530 2604 2657 2638 2590 2601 2588 2538 2481 2419 2371 2329 2275 2259 2228 2214 2272 2272 2210 2122 2052 1995 1939 1876 1806 1753 1696 1641 1591 1550 1510 1479 1418 1379 1328 1334 1298 1273 1248
957.3 973.5 984.7 993.7 1002 1017 1034 1051 1064 1079 1088 1100 1111 1143 1168 1184 1195 1211 1238 1263 1281 1310 1325 1333 1350 1368 1389 1408 1439 1474 1515 1572 1626 1676 1728 1782 1842 1911 1986 2063 2146 2230 2318 2405 2482 2567 2652 2708 2703 2663 2675 2646 2592 2525 2451 2396 2344 2314 2302 2253 2255 2315 2291 2227 2143 2063 1975 1905 1835 1771 1725 1689 1648 1612 1570 1517 1468 1420 1399 1361 1316 1278 1253 1247
953.9 961.4 978.8 993.6 1007 1019 1035 1051 1068 1079 1097 1114 1135 1140 1141 1162 1191 1219 1237 1264 1285 1306 1330 1355 1370 1377 1401 1429 1457 1496 1521 1561 1614 1688 1751 1810 1864 1934 2003 2078 2157 2245 2336 2432 2508 2603 2689 2750 2763 2736 2748 2701 2633 2552 2476 2401 2366 2368 2333 2293 2300 2324 2288 2222 2135 2055 1968 1889 1812 1723 1639 1625 1622 1589 1540 1483 1450 1443 1418 1375 1358 1345 1322 1306
943.3 962.9 980 992.7 1009 1016 1032 1045 1063 1078 1095 1111 1128 1152 1161 1173 1191 1221 1238 1260 1294 1318 1337 1363 1385 1401 1414 1437 1475 1507 1549 1589 1635 1689 1762 1827 1884 1944 2007 2082 2163 2251 2344 2440 2522 2612 2698 2744 2776 2777 2773 2710 2640 2566 2494 2444 2433 2407 2372 2322 2340 2334 2277 2197 2104 2018 1961 1886 1815 1712 1621 1560 1515 1505 1492 1433 1408 1387 1370 1333 1323 1326 1319 1294
947.1 962.6 973.3 983.5 1006 1018 1021 1023 1041 1069 1080 1102 1117 1146 1164 1180 1197 1216 1237 1268 1296 1331 1337 1353 1396 1416 1439 1454 1482 1517 1561 1605 1654 1709 1765 1829 1885 1941 2007 2081 2164 2251 2343 2436 2523 2615 2695 2750 2781 2812 2778 2710 2635 2573 2528 2513 2497 2431 2421 2378 2377 2332 2262 2178 2086 2009 1939 1876 1815 1749 1659 1584 1520 1458 1431 1392 1369 1351 1341 1302 1281 1270 1281 1263
949.5 956.2 965.2 982.4 987.9 993.3 1017 1039 1065 1064 1077 1088 1102 1132 1156 1169 1192 1224 1236 1253 1274 1299 1329 1350 1392 1413 1437 1472 1498 1527 1568 1621 1667 1711 1754 1810 1868 1931 1999 2077 2158 2243 2335 2425 2512 2607 2687 2757 2810 2839 2776 2705 2638 2613 2609 2573 2521 2470 2449 2417 2385 2319 2245 2166 2092 2026 1959 1899 1830 1765 1690 1628 1580 1517 1492 1463 1435 1426 1404 1388 1363 1351 1319 1288
935.6 942.8 962.8 984.8 991.7 1007 1025 1036 1048 1062 1087 1105 1114 1119 1135 1147 1167 1205 1241 1246 1280 1313 1340 1367 1418 1412 1430 1467 1501 1514 1536 1582 1638 1683 1733 1789 1848 1915 1993 2070 2148 2228 2303 2381 2468 2558 2631 2696 2756 2792 2740 2688 2643 2649 2630 2564 2515 2462 2399 2370 2357 2304 2243 2169 2095 2028 1965 1917 1843 1775 1731 1693 1644 1590 1566 1521 1488 1460 1429 1400 1381 1361 1334 1298
911.9 942.4 956.2 969.2 972.8 985.8 1018 1025 1035 1042 1058 1071 1101 1121 1149 1174 1196 1215 1237 1263 1280 1314 1324 1347 1374 1399 1396 1402 1432 1484 1534 1579 1635 1654 1713 1766 1831 1898 1983 2055 2133 2198 2263 2334 2416 2501 2570 2629 2685 2708 2689 2664 2642 2641 2614 2529 2472 2417 2335 2285 2315 2291 2230 2156 2106 2036 1972 1916 1852 1778 1741 1717 1668 1623 1582 1552 1525 1479 1436 1418 1391 1363 1332 1283
914.1 932.8 935.8 949 962.1 974.3 964.5 977.5 994.8 1004 1037 1081 1115 1131 1153 1172 1186 1207 1222 1253 1273 1280 1306 1332 1373 1358 1359 1395 1454 1516 1533 1561 1611 1658 1699 1763 1825 1877 1963 2027 2097 2151 2227 2300 2372 2447 2519 2572 2609 2617 2636 2653 2633 2618 2571 2489 2412 2363 2277 2240 2264 2263 2202 2124 2052 2012 1964 1908 1845 1785 1704 1671 1634 1588 1551 1518 1490 1472 1429 1398 1377 1351 1316 1271
945.2 960.5 976.7 978.9 991.2 1002 1003 1002 993.4 987.6 1014 1047 1087 1106 1123 1157 1178 1201 1222 1227 1256 1287 1310 1339 1344 1329 1393 1437 1503 1554 1581 1614 1656 1676 1716 1769 1805 1861 1932 1987 2046 2117 2193 2268 2333 2394 2458 2506 2521 2535 2587 2636 2611 2546 2509 2438 2365 2291 2210 2165 2187 2200 2162 2090 2004 1950 1923 1901 1848 1793 1720 1658 1616 1550 1499 1466 1432 1403 1381 1357 1360 1295 1276 1292
959.1 969.4 983.1 995.2 1009 1019 1035 1043 1043 1030 1002 1020 1029 1047 1063 1096 1114 1154 1198 1223 1247 1266 1288 1294 1297 1352 1400 1452 1497 1523 1545 1576 1625 1677 1720 1784 1832 1880 1921 1962 2031 2095 2164 2234 2299 2349 2402 2433 2450 2495 2564 2564 2573 2533 2455 2383 2315 2240 2157 2100 2110 2125 2109 2062 1997 1912 1841 1797 1818 1789 1727 1671 1626 1586 1557 1513 1495 1467 1437 1437 1423 1378 1332 1303
968.8 980.4 992.8 1006 1016 1028 1044 1054 1062 1062 1052 1054 1070 1104 1129 1124 1085 1103 1130 1173 1213 1231 1258 1286 1322 1378 1414 1436 1439 1472 1522 1588 1653 1706 1762 1795 1842 1887 1926 1954 2012 2076 2135 2198 2253 2298 2347 2375 2406 2489 2505 2479 2518 2511 2448 2371 2290 2206 2119 2051 2032 2026 2031 2051 2005 1913 1816 1767 1758 1779 1741 1689 1662 1627 1604 1558 1532 1509 1492 1475 1444 1405 1345 1306
968.2 982.2 991.7 1007 1018 1036 1049 1061 1074 1081 1081 1090 1104 1122 1145 1161 1156 1164 1164 1179 1229 1247 1243 1272 1303 1339 1385 1398 1466 1494 1534 1589 1640 1697 1741 1792 1834 1856 1890 1930 1992 2057 2116 2161 2209 2256 2289 2323 2391 2450 2438 2416 2469 2497 2443 2377 2303 2206 2111 2022 1969 1957 1981 2006 1995 1911 1839 1779 1729 1708 1687 1640 1616 1591 1584 1542 1513 1482 1463 1454 1443 1408 1361 1318
954.2 962.3 970.9 1001 1013 1029 1044 1060 1078 1092 1102 1109 1110 1128 1146 1163 1170 1183 1198 1226 1275 1289 1307 1332 1335 1351 1396 1430 1476 1509 1525 1581 1642 1688 1738 1782 1808 1857 1878 1915 1978 2038 2084 2131 2175 2204 2240 2286 2346 2403 2373 2366 2433 2468 2417 2360 2304 2220 2123 2025 1944 1923 1906 1948 1975 1917 1851 1777 1711 1647 1621 1569 1527 1495 1497 1518 1490 1450 1425 1405 1411 1398 1355 1318
953.8 971.1 978.7 988 1009 1027 1047 1061 1077 1094 1109 1123 1133 1144 1153 1148 1178 1190 1200 1235 1273 1310 1320 1342 1353 1383 1421 1450 1483 1520 1556 1582 1640 1693 1724 1765 1803 1814 1836 1906 1961 2006 2036 2087 2113 2145 2191 2236 2285 2347 2313 2316 2379 2417 2382 2322 2306 2246 2151 2064 1994 1939 1913 1908 1935 1920 1861 1793 1719 1648 1604 1576 1526 1485 1447 1472 1467 1456 1430 1403 1371 1361 1331 1292
961.5 975.8 985.4 1001 1007 1016 1029 1054 1074 1093 1111 1128 1144 1162 1179 1191 1185 1203 1232 1228 1240 1279 1301 1335 1373 1407 1445 1472 1509 1539 1565 1601 1640 1675 1719 1744 1774 1802 1848 1915 1950 1972 2020 2044 2063 2099 2133 2171 2241 2292 2250 2294 2321 2360 2342 2271 2288 2259 2173 2095 2023 1952 1911 1912 1935 1949 1896 1831 1756 1683 1630 1624 1596 1556 1525 1477 1408 1396 1401 1410 1384 1356 1321 1299
959.4 969.6 984.6 1000 1017 1028 1039 1056 1066 1088 1109 1124 1143 1166 1185 1201 1214 1228 1239 1267 1283 1304 1321 1342 1387 1428 1458 1485 1507 1536 1563 1600 1637 1652 1687 1723 1754 1804 1835 1873 1902 1944 1979 1974 1988 2043 2065 2136 2208 2246 2196 2234 2286 2298 2268 2221 2235 2218 2154 2075 2011 1944 1894 1904 1933 1968 1924 1849 1770 1694 1618 1619 1596 1566 1529 1488 1441 1413 1363 1353 1374 1333 1282 1253
955 971.3 981.1 991.8 1016 1033 1045 1062 1078 1092 1110 1128 1145 1167 1187 1203 1221 1239 1261 1268 1290 1318 1344 1367 1393 1418 1442 1474 1499 1523 1535 1570 1602 1647 1676 1718 1738 1755 1822 1837 1838 1883 1896 1902 1930 1989 2046 2103 2173 2192 2140 2163 2233 2232 2185 2171 2178 2172 2118 2058 1993 1938 1878 1852 1885 1947 1892 1826 1763 1687 1606 1587 1580 1542 1513 1489 1461 1443 1415 1367 1352 1314 1304 1299
954 974.5 992.3 1001 1007 1018 1034 1061 1076 1095 1113 1126 1143 1163 1184 1203 1223 1243 1270 1280 1294 1315 1340 1370 1395 1419 1443 1462 1481 1468 1490 1548 1589 1641 1671 1687 1701 1750 1800 1796 1778 1805 1823 1854 1913 1951 2022 2037 2117 2098 2054 2118 2177 2168 2115 2119 2133 2131 2085 2024 1985 1919 1822 1766 1791 1837 1846 1808 1744 1677 1602 1560 1561 1527 1500 1482 1455 1437 1411 1387 1358 1349 1336 1320
960.7 973.1 993 1006 1019 1029 1042 1055 1069 1090 1109 1123 1141 1164 1183 1203 1221 1241 1259 1280 1297 1320 1344 1370 1388 1411 1434 1449 1453 1465 1488 1525 1564 1622 1646 1663 1704 1729 1760 1755 1723 1748 1804 1846 1891 1965 1968 1979 2027 2000 1999 2085 2131 2125 2076 2071 2065 2083 2066 2017 1951 1865 1771 1702 1674 1721 1792 1774 1714 1648 1583 1511 1547 1511 1489 1467 1453 1430 1399 1383 1357 1335 1328 1315
961.5 976.8 993.9 1006 1020 1033 1049 1062 1075 1096 1117 1130 1151 1169 1184 1200 1213 1224 1246 1266 1289 1319 1340 1360 1376 1396 1413 1414 1449 1473 1467 1480 1544 1578 1609 1657 1683 1703 1715 1706 1696 1727 1765 1820 1897 1934 1916 1953 1990 1951 1944 2004 2071 2087 2049 2013 2007 2034 2033 1997 1939 1854 1763 1698 1644 1630 1663 1710 1666 1608 1537 1474 1492 1499 1468 1452 1436 1416 1393 1371 1343 1329 1306 1279
960.8 972.2 992.6 1007 1023 1039 1054 1069 1084 1099 1120 1132 1151 1165 1181 1191 1202 1219 1242 1263 1287 1304 1323 1329 1352 1380 1381 1402 1441 1454 1478 1510 1549 1583 1615 1639 1641 1669 1645 1635 1628 1670 1735 1795 1844 1874 1873 1942 1965 1913 1900 1949 2004 2025 1997 1951 1950 1981 1983 1967 1908 1847 1782 1719 1654 1612 1583 1556 1533 1521 1507 1487 1464 1433 1434 1426 1414 1399 1379 1363 1345 1325 1308 1299
952.7 970.5 992.6 1005 1024 1046 1058 1073 1089 1105 1116 1134 1148 1160 1170 1181 1202 1215 1235 1256 1271 1278 1298 1322 1346 1313 1364 1378 1397 1417 1475 1509 1540 1571 1586 1597 1633 1631 1611 1603 1598 1650 1733 1781 1802 1838 1835 1911 1909 1873 1853 1893 1972 1983 1955 1904 1879 1918 1942 1917 1878 1841 1798 1750 1684 1631 1572 1516 1475 1459 1440 1432 1468 1439 1419 1389 1373 1366 1361 1337 1298 1297 1291 1284
958.2 952.7 967.9 1001 1026 1045 1060 1073 1084 1092 1111 1100 1131 1143 1166 1185 1191 1190 1219 1230 1251 1267 1301 1316 1297 1299 1336 1367 1403 1432 1474 1498 1530 1547 1557 1572 1587 1576 1565 1567 1600 1672 1719 1744 1768 1786 1808 1863 1856 1814 1805 1892 1925 1942 1920 1856 1839 1877 1893 1852 1838 1802 1779 1747 1726 1676 1644 1591 1549 1516 1479 1427 1430 1439 1426 1413 1389 1360 1332 1316 1303 1286 1262 1242
975.6 990.6 992.2 994.9 1018 1040 1053 1068 1066 1061 1055 1080 1094 1129 1145 1137 1139 1137 1174 1184 1210 1243 1268 1258 1264 1304 1370 1384 1407 1431 1455 1471 1499 1520 1529 1546 1555 1520 1526 1561 1605 1655 1694 1715 1743 1770 1798 1812 1788 1757 1789 1882 1883 1896 1892 1844 1793 1802 1810 1816 1807 1775 1742 1724 1702 1683 1663 1639 1598 1554 1495 1449 1398 1390 1422 1417 1397 1378 1362 1346 1333 1307 1292 1267
