out.grd
DSAA
100 100
432504.32769464 445604.32769464
9160349.2464269 9171849.2464269
718.36724498986 2839.4380084361
[rows 0 to 36 of 100, columns 0 to 83 of 100]
725.8 718.4 727.8 744.9 759.7 763.3 776.7 797.4 806 800.1 804.6 831.8 832.3 830.8 835.2 848.9 854.6 858.3 861.8 873.2 873 870.2 876.2 880.9 881.1 879.6 883.1 894.3 886.4 878.6 911.4 916.5 915.9 909.3 899.1 887.4 872.8 883.3 901.2 936.4 913.5 923.4 891.7 920.2 935.4 938.5 934.5 925.8 906.7 929.4 943.9 944.8 949.6 950.8 946.7 924.4 943.1 943.6 945.4 939 946.9 957.5 955.6 954.1 953.7 945.8 936.8 905.8 911.6 926.1 920.2 905.8 895.5 891.2 889.6 879.8 873.5 863.8 852.3 837.8 830.8 830.3 824.1 818.8
732.6 729.7 725.9 738.9 768.7 778.2 788.1 809.4 821.9 823.5 807.1 825.1 840.1 838.6 849.1 863.9 867.5 869.1 877.7 880.4 884.6 882.2 886.3 891 889.7 885.6 902.2 904 908.4 885.5 913.5 929.8 930.5 922.3 911.2 895.1 878 891.2 927.9 941.3 943 921.5 907.8 898.6 935.6 945.2 945.1 930.8 917.1 939.2 956.3 962.5 962.5 960.1 937.2 949.8 957.5 965.2 959.4 953.6 957.8 970.6 976.1 966.7 964.6 955.9 935.2 907.5 938.2 942.7 931.2 917.7 905.5 904.7 901 894.3 882.9 861 857.6 845.2 846.8 839.4 835.6 830.6
737.4 736.3 723.4 750.3 767.9 786.9 806.4 819.2 828.4 835.6 835.2 817.4 828.7 850.7 860.8 877.1 878.5 877.5 892 890.6 893.4 894.5 895.3 902.4 908 895.3 904.5 911.8 918.4 911 926.1 941.7 943.7 934 927.7 926.9 885.8 880.9 938.8 988.7 960.3 941.2 940.5 900 940.5 955.6 954.1 935.5 934.9 947 963.3 973.1 976.3 966.9 946.7 962.8 971.9 980.5 974.2 966.2 967.3 980.5 984.9 978.9 975.6 963 930.5 916.4 953 952.9 941 921.5 925.6 919.8 911.6 902.6 887 868 856.9 858 858.7 848.9 844.5 836.7
743 745.1 733.2 749.6 770.6 793.4 816.6 826.5 835.3 840.5 848.4 853.7 837.6 848.8 877.9 888.3 889.6 891.3 902.2 902.4 907.9 909.3 903.5 911.4 917 911.2 910 919 931.7 923.7 926.8 948.8 955.6 947.3 960.1 972.4 932.2 888 898.3 944.5 980.1 954.2 959.2 930.8 939.7 966.9 953.7 940.5 957 947.5 969.7 981.8 984.8 972.2 958.7 975.4 987.1 992.2 985.2 981.6 984.3 998.5 1001 994.4 989.4 974.5 949.4 925.1 960 960.7 948.6 931.2 934.8 928.2 921 902.3 873.2 882.1 864.4 871.9 872.4 861.7 854.1 839.3
749.7 756.3 758.9 750.8 754.4 769.8 810.4 827.2 841.1 846 854.9 865.8 868.1 863.4 864.7 890.9 898.3 900.4 908.7 912.9 921 921 910.4 925.9 930.5 928 928.6 928.6 938.9 939.7 910.6 943.2 966.6 957.6 998.4 1042 1034 978.5 949.3 948.8 975.5 963.6 973.3 958.1 915.8 961.4 959.4 956.6 971.4 970.5 976.5 988.9 991.7 984 967.3 989.8 998.8 1006 996.9 995.7 996.3 1007 1014 1009 1002 986.1 966.9 930.3 945.9 968.2 954.8 949.8 947.2 935.5 923.6 898.8 898.6 886.8 877.8 883.6 879.9 874.4 857.6 841.8
755.3 765.1 775.5 781.9 764.1 762.5 772.7 817.8 834.7 845.4 860.3 872.3 879.2 880.5 869.7 875.6 901.4 911.2 918.5 929.2 930.4 931.5 929.6 939.3 942.6 929 937.9 940.5 947 954.7 934.9 932.6 976.1 988.6 1040 1080 1098 1070 1018 1015 992 984.3 988.8 979 949.9 971 971.7 969.3 983.2 989.8 994.8 998.9 1003 988.1 990.1 1011 1016 1022 1011 1014 1008 1022 1026 1024 1014 997.8 988.9 974.6 955.9 979.1 970.4 966 954.6 940.3 918.5 906.6 910.9 894.1 898.6 894.1 890.9 874.9 858.9 859.5
755.5 767.7 779.4 788.3 796.3 786.1 769.8 796.6 825 846.6 857.7 871.6 887.7 889.8 892.2 885.6 881.5 918.6 929.3 941.4 943.6 944.1 941.5 954.9 948.5 943.5 946.7 946.8 954.2 965.1 974.5 956.8 994.8 1038 1086 1124 1154 1127 1056 1051 1021 999.5 1005 985 944 981.7 985.1 977.5 994.5 1002 1006 1009 1013 995.1 994.1 1023 1031 1036 1027 1033 1030 1029 1040 1039 1024 1012 1004 983.2 970 988.2 986.6 979.1 952.5 930.1 923.4 931.4 912.3 902.4 912.9 908.1 896.5 877.3 865.9 868.5
764.1 772.2 782.7 791.7 804.3 807.2 796.8 795.6 799.5 810.9 844.4 866.6 881.6 893.8 903.5 901.8 885.4 903.8 928.5 946.5 956.2 960.6 956.4 973.1 960.6 956.4 963.5 950.8 957.9 973.6 988.7 985.3 979.8 1039 1118 1171 1200 1161 1075 1040 1023 1013 1021 990.9 980.1 994.6 999.5 1003 1007 1016 1020 1024 1022 1010 1004 1039 1046 1049 1047 1051 1053 1039 1050 1050 1034 1023 1008 973.2 993.2 998.5 996 987.7 962.2 953.6 956 942.6 917.7 922.5 921.5 917.3 899.8 885.4 883.6 872.3
771.8 780.3 790.8 800.3 808.6 821.3 826.8 821.2 806.8 820.5 837.1 841 866.3 894.6 908.6 913.4 917.7 917.7 929.1 949.2 971 978.8 979.4 982.2 977.3 967.7 975.2 966.3 961.3 976.5 1009 1011 998.8 1028 1100 1165 1202 1173 1074 1053 1037 1031 1031 992.6 1013 1006 1019 1031 1027 1029 1035 1037 1032 1025 1013 1043 1059 1067 1067 1068 1060 1062 1065 1058 1045 1025 985.8 975.8 1010 1011 1012 988.6 969.4 973.5 969.4 962.5 938.2 938.8 934 912.8 903.8 901.9 895.3 882.5
773.6 787.5 795 808.8 823.6 837.3 838.6 839.4 821.4 816.6 842.3 864 883.6 891.4 913.5 922.6 923.8 920.9 948.2 955.4 973.1 986 992.6 994.6 989.2 987.6 994.5 983.9 985.7 1031 1048 1038 1024 1065 1111 1147 1178 1172 1109 1097 1050 1049 1045 1012 1026 1029 1031 1040 1048 1044 1051 1055 1041 1041 1020 1032 1071 1081 1084 1088 1074 1069 1078 1070 1044 1002 983.2 1009 1034 1027 1019 997.1 992.4 986.3 980.4 963.8 959.5 951.4 933 923.8 926.8 913.8 902.7 888.6
776.4 788.7 795.9 810.4 828.9 842.2 849.5 852.9 851.5 833.4 850.7 877.5 896.5 904.5 902.8 925.9 936.8 934.8 938 969.5 980.4 992.1 1003 1008 1008 1006 1009 1002 1013 1073 1102 1082 1062 1085 1138 1177 1197 1194 1140 1100 1057 1064 1048 1029 1044 1050 1050 1043 1059 1058 1065 1065 1054 1050 1029 1036 1076 1098 1102 1105 1084 1091 1091 1076 1039 1000 1003 1045 1045 1042 1028 1016 1013 1000 984 975.4 969.3 949.2 937.5 945.5 938 921.7 910 897
786.7 791.7 801.6 811.1 827.6 842.3 852.9 861.7 865.8 858.4 844 876 902.6 914.2 927.4 929.6 939.5 949.8 950 966.1 987.6 994.6 1007 1017 1024 1022 1019 1043 1061 1127 1153 1117 1078 1080 1130 1198 1242 1247 1177 1090 1074 1077 1062 1043 1040 1065 1066 1054 1071 1080 1076 1079 1077 1071 1051 1056 1083 1109 1118 1120 1108 1109 1103 1079 1023 1028 1029 1053 1060 1053 1041 1037 1025 1009 979.9 986.9 969.1 961.7 958.6 957.5 946.6 929.9 919.7 914.6
788 799 806.8 819.2 827.6 839.1 857 869.2 880.6 878.1 874 867.6 892.5 921.1 932.7 950.8 958 953.3 969 963.5 993.5 999.7 1015 1029 1035 1032 1029 1051 1131 1180 1184 1135 1079 1057 1103 1143 1194 1226 1165 1097 1089 1090 1083 1059 1068 1078 1084 1067 1076 1091 1095 1089 1090 1088 1069 1068 1092 1121 1133 1133 1131 1121 1115 1066 1035 1069 1060 1073 1073 1065 1061 1051 1034 1007 998.4 995.3 977.7 983.7 976.1 960.5 952.9 938.1 931.8 926.9
791.7 803.4 815.8 826.9 835.8 849 860 875.2 887.5 892.3 893.5 877 907.7 919 936.3 956.9 970.3 978.3 976.9 985.5 990.8 1006 1027 1037 1046 1048 1047 1053 1115 1176 1178 1129 1070 1074 1145 1160 1180 1202 1146 1100 1103 1107 1094 1088 1102 1080 1098 1078 1092 1104 1111 1107 1106 1108 1072 1090 1106 1127 1147 1145 1146 1138 1094 1043 1080 1085 1068 1086 1087 1082 1075 1064 1045 1015 1020 999 994.2 996.2 986.6 973 959 942 945.1 939.3
799.3 804.9 818.7 833.3 844.8 861.3 867.8 879.3 886.6 896.4 901.2 889.5 911.3 922.9 935.7 962.7 975.6 985.3 984.9 998.5 989 1007 1035 1047 1057 1066 1070 1060 1082 1151 1167 1135 1083 1073 1136 1185 1197 1207 1154 1119 1119 1118 1113 1112 1132 1100 1114 1097 1111 1119 1121 1122 1119 1103 1102 1112 1115 1140 1160 1161 1162 1141 1099 1079 1113 1102 1092 1101 1106 1101 1090 1071 1039 1046 1027 1012 1013 1010 996.6 982.2 967.8 960.9 955.4 942.2
812.5 807 817.9 837.1 852.6 865.3 876.3 886.6 888.5 901.5 912.7 914.8 918.5 941.1 951.8 953.5 975.2 993.5 995.8 1009 1008 1015 1032 1055 1072 1080 1087 1065 1071 1132 1156 1121 1108 1109 1100 1156 1195 1214 1195 1167 1139 1130 1124 1130 1142 1129 1130 1120 1129 1134 1135 1134 1131 1112 1115 1130 1138 1151 1174 1180 1169 1145 1123 1150 1141 1128 1112 1122 1122 1112 1102 1072 1067 1059 1032 1037 1032 1023 1005 991.3 982 974.8 965.3 924.3
820.2 827 824.6 831 857.4 869.7 881.1 894.1 900.9 905.7 918.6 921.2 921.9 946.2 963.2 972.8 982 1005 1009 1019 1024 1012 1048 1057 1081 1095 1091 1080 1092 1107 1139 1141 1123 1112 1076 1140 1168 1220 1255 1205 1156 1142 1145 1159 1162 1149 1140 1128 1147 1161 1150 1147 1144 1126 1125 1151 1154 1165 1186 1196 1167 1175 1142 1178 1162 1147 1126 1140 1140 1122 1101 1092 1084 1070 1053 1054 1043 1030 1016 1005 995.2 985.6 958.9 928.3
835.1 837.8 845.2 838.7 855.1 871.3 884.5 895.9 906.6 918.4 927.3 933.3 934.5 929.4 961.1 984.1 998.7 1021 1029 1025 1023 1024 1059 1068 1094 1102 1098 1103 1116 1110 1128 1144 1120 1143 1098 1144 1182 1179 1228 1193 1165 1155 1166 1187 1193 1166 1164 1154 1171 1186 1164 1165 1163 1135 1142 1166 1179 1185 1198 1211 1190 1186 1162 1200 1179 1129 1133 1161 1155 1137 1117 1113 1095 1070 1068 1062 1053 1039 1027 1013 1001 989.8 939.4 943.4
848.1 851.2 853.3 846.5 840.5 854.9 872.4 896.3 912 923.7 934.6 946.8 952.3 951 964.3 988.8 1003 1026 1045 1042 1031 1028 1064 1077 1100 1111 1110 1120 1135 1140 1138 1144 1154 1163 1115 1147 1189 1183 1203 1197 1182 1180 1194 1219 1198 1192 1175 1204 1227 1217 1181 1182 1166 1164 1169 1183 1200 1208 1213 1218 1199 1213 1204 1208 1189 1139 1154 1174 1165 1157 1139 1120 1097 1099 1081 1073 1059 1051 1042 1023 1008 988.6 968 947.8
853 859.7 863.3 868.3 858 863.3 867 889.8 918.8 929.5 942.5 956.8 967.7 973.7 959.7 991.1 1010 1036 1056 1061 1042 1030 1065 1090 1100 1119 1124 1134 1151 1161 1159 1155 1175 1177 1139 1156 1190 1203 1224 1214 1197 1194 1217 1249 1217 1205 1187 1217 1265 1249 1205 1198 1173 1172 1193 1199 1215 1225 1239 1238 1226 1222 1217 1208 1185 1185 1180 1194 1177 1167 1148 1124 1120 1109 1099 1085 1070 1062 1048 1029 1012 981.2 978.6 957.4
848.1 868.3 876.9 883 867.4 890.8 880.9 883.2 891.1 922.5 942 954.5 970.5 980.9 982.5 985.9 1013 1035 1056 1072 1075 1058 1048 1090 1111 1132 1142 1142 1163 1180 1185 1181 1189 1195 1179 1166 1208 1214 1229 1214 1224 1235 1239 1261 1224 1236 1217 1236 1291 1259 1225 1214 1177 1165 1184 1216 1229 1244 1259 1268 1257 1258 1216 1204 1218 1194 1190 1204 1190 1174 1155 1147 1136 1125 1114 1099 1086 1069 1052 1035 1000 998.6 1001 979
844.9 867.2 885.8 896.5 895.4 892.3 894.5 899.8 888.6 908.1 926.9 943 960.3 969.4 982.7 998.2 1012 1037 1054 1070 1080 1087 1075 1059 1099 1129 1151 1162 1176 1188 1201 1212 1210 1220 1195 1179 1215 1228 1231 1233 1230 1267 1272 1282 1255 1254 1276 1268 1299 1248 1243 1225 1213 1221 1243 1210 1233 1260 1279 1287 1266 1274 1240 1220 1225 1211 1215 1214 1199 1184 1175 1166 1151 1143 1130 1111 1092 1074 1053 1022 984 1023 1013 984.7
858.8 871 885.7 900.7 908.1 902.1 908.5 911.1 909 907.6 902.6 918 920.4 936.6 973.6 1001 1019 1039 1054 1066 1080 1092 1101 1088 1091 1118 1147 1169 1183 1191 1214 1234 1238 1243 1230 1225 1226 1252 1238 1261 1246 1275 1301 1305 1293 1259 1313 1309 1295 1247 1264 1257 1253 1246 1265 1233 1252 1272 1291 1306 1312 1305 1277 1263 1255 1253 1260 1230 1214 1204 1197 1182 1172 1159 1139 1120 1099 1084 1055 1020 1025 1037 1018 986.6
866.2 874.9 889.3 903.8 912.5 921.7 924.4 929.8 929.5 930.6 937.2 943.6 960.1 966.1 947.8 982.3 1019 1039 1046 1043 1066 1070 1079 1105 1116 1118 1131 1160 1183 1205 1221 1241 1257 1263 1258 1248 1252 1274 1279 1273 1270 1288 1312 1329 1337 1291 1298 1346 1301 1267 1279 1271 1282 1290 1299 1276 1306 1337 1302 1309 1331 1327 1297 1291 1287 1279 1283 1256 1237 1227 1218 1203 1185 1167 1146 1124 1107 1091 1062 1046 1065 1044 1001 1020
867.9 879.5 894.7 906.4 919.5 926.3 935.6 947 951.8 957 953 965.6 979.8 991 985 994 981.1 998.3 1035 1067 1082 1093 1105 1101 1117 1142 1143 1149 1172 1211 1234 1250 1265 1281 1284 1288 1297 1302 1307 1305 1307 1334 1330 1350 1366 1335 1330 1349 1315 1292 1297 1302 1311 1327 1331 1313 1351 1357 1339 1344 1352 1345 1323 1317 1310 1303 1306 1284 1272 1247 1235 1216 1196 1174 1150 1122 1105 1089 1051 1056 1070 1034 1030 1039
869.1 879.9 895 909.4 924.1 934.9 943.7 954.5 962.1 976.3 984.2 975.4 991 1007 1011 993.2 1015 1036 1060 1085 1097 1108 1126 1131 1128 1144 1168 1182 1209 1234 1242 1266 1282 1298 1305 1316 1323 1330 1325 1341 1328 1360 1375 1354 1398 1366 1379 1360 1341 1314 1325 1355 1350 1363 1368 1372 1387 1393 1360 1355 1365 1358 1343 1333 1342 1332 1320 1305 1282 1263 1244 1224 1201 1178 1142 1097 1072 1053 1072 1087 1073 1032 1061 1056
874.2 883.6 893.6 910.4 924.2 943 953.8 963.5 969.5 978.6 990.7 992.9 998.1 1016 1025 1026 1029 1017 1037 1080 1100 1115 1130 1147 1149 1154 1170 1202 1232 1259 1263 1283 1303 1312 1325 1336 1345 1352 1360 1361 1342 1378 1401 1371 1402 1412 1401 1397 1369 1331 1336 1391 1425 1416 1414 1419 1429 1422 1384 1359 1372 1377 1362 1365 1365 1347 1328 1311 1293 1274 1254 1230 1208 1179 1139 1133 1113 1096 1115 1098 1067 1080 1077 1063
879 888.1 900.3 912.3 926.7 951 958.8 968.7 977.2 986.3 995.8 1008 1016 1022 1033 1044 1054 1057 1060 1070 1100 1115 1134 1154 1172 1181 1172 1187 1232 1269 1285 1305 1324 1346 1344 1350 1364 1356 1386 1388 1394 1407 1422 1394 1404 1443 1420 1428 1414 1360 1352 1432 1465 1465 1463 1475 1469 1427 1412 1379 1386 1371 1356 1412 1385 1352 1321 1317 1297 1276 1257 1237 1211 1178 1153 1149 1108 1141 1132 1102 1086 1104 1094 1080
880.8 891.3 901 913.7 931.6 946.4 959.4 972 981.7 990.6 1002 1012 1023 1032 1041 1053 1067 1076 1089 1080 1107 1121 1138 1160 1181 1197 1213 1204 1214 1253 1290 1311 1326 1351 1370 1377 1379 1387 1425 1425 1453 1458 1437 1429 1430 1451 1463 1476 1462 1406 1369 1425 1502 1525 1515 1523 1504 1472 1431 1415 1403 1388 1363 1440 1399 1388 1380 1327 1290 1267 1245 1226 1199 1167 1157 1151 1110 1158 1139 1098 1113 1120 1110 1090
878.2 886.8 899.3 907.6 928.1 956 961.1 972.5 984 995.2 1006 1017 1027 1038 1048 1062 1075 1088 1095 1107 1116 1117 1144 1162 1184 1208 1227 1240 1240 1245 1292 1323 1330 1342 1361 1394 1403 1402 1438 1457 1479 1478 1472 1469 1468 1459 1493 1509 1499 1453 1402 1426 1501 1564 1552 1569 1539 1495 1455 1440 1417 1444 1436 1444 1422 1447 1419 1347 1290 1238 1223 1187 1175 1170 1162 1150 1167 1167 1134 1095 1135 1132 1123 1101
886.9 888.8 896.9 914 920 932.5 951.2 971.3 983.9 997.5 1009 1021 1031 1044 1058 1073 1084 1098 1107 1120 1134 1146 1153 1179 1192 1208 1241 1256 1271 1279 1306 1335 1347 1359 1387 1398 1426 1413 1433 1483 1506 1504 1498 1512 1526 1521 1527 1536 1534 1523 1444 1432 1486 1578 1598 1606 1568 1541 1486 1450 1439 1469 1481 1463 1468 1493 1431 1340 1275 1228 1230 1260 1250 1220 1165 1129 1193 1168 1128 1125 1157 1150 1134 1102
891.4 899.6 902.8 919 933.4 946.8 951.1 977.9 992.6 1001 1013 1024 1033 1049 1066 1080 1095 1106 1119 1132 1148 1165 1168 1178 1198 1223 1246 1266 1289 1296 1306 1340 1364 1376 1394 1427 1448 1437 1436 1487 1526 1533 1528 1549 1560 1557 1568 1567 1577 1574 1489 1467 1470 1554 1629 1623 1597 1570 1499 1477 1482 1511 1518 1517 1501 1487 1422 1329 1275 1269 1307 1328 1276 1215 1169 1157 1174 1141 1122 1175 1174 1164 1131 1107
895.2 906.8 911.2 913.8 923.4 951.4 956.9 972.9 991.1 1006 1021 1030 1041 1055 1071 1088 1103 1115 1126 1140 1159 1176 1187 1179 1199 1224 1252 1278 1301 1306 1276 1346 1389 1386 1410 1439 1480 1490 1472 1497 1551 1568 1563 1573 1588 1593 1596 1595 1603 1602 1537 1502 1491 1536 1629 1639 1634 1580 1522 1511 1526 1531 1527 1552 1539 1503 1448 1374 1324 1337 1363 1342 1300 1227 1193 1205 1185 1157 1198 1198 1186 1164 1120 1146
895.7 904.9 917.5 930.1 926.1 935.1 952 959 978.3 995.9 1020 1036 1048 1061 1072 1087 1103 1120 1136 1152 1169 1188 1201 1205 1195 1223 1262 1289 1316 1338 1314 1312 1378 1415 1428 1453 1485 1520 1519 1527 1576 1596 1600 1594 1615 1631 1636 1636 1649 1651 1577 1538 1525 1545 1650 1689 1670 1590 1548 1547 1560 1556 1591 1594 1562 1532 1486 1430 1384 1396 1393 1346 1271 1227 1243 1255 1220 1216 1235 1218 1195 1156 1158 1174
895.5 906.1 920.4 932.8 944.6 939 949.6 953.3 973 989.2 1008 1031 1049 1064 1074 1086 1103 1118 1138 1155 1176 1195 1211 1226 1243 1250 1275 1299 1329 1357 1360 1351 1372 1426 1454 1478 1505 1539 1571 1562 1586 1615 1636 1644 1654 1659 1674 1672 1697 1664 1595 1584 1583 1583 1671 1740 1695 1621 1568 1557 1596 1587 1625 1652 1627 1593 1548 1484 1446 1438 1413 1343 1264 1242 1288 1279 1262 1261 1251 1229 1199 1177 1192 1185
879.4 889.1 907.1 929.6 946.3 959.9 964.5 968.7 979.8 977.8 1002 1018 1034 1048 1065 1081 1099 1120 1140 1153 1171 1198 1216 1233 1253 1269 1277 1309 1338 1363 1385 1408 1372 1433 1484 1509 1527 1560 1596 1597 1620 1632 1667 1690 1688 1693 1709 1724 1738 1711 1650 1645 1633 1624 1654 1723 1684 1625 1588 1586 1621 1611 1647 1700 1678 1634 1580 1531 1493 1470 1444 1377 1310 1308 1299 1267 1299 1288 1263 1237 1203 1221 1219 1205
881.4 892.4 915 932.5 947.4 966 978.4 987.4 1004 1019 1006 1007 1032 1042 1057 1075 1095 1123 1152 1168 1181 1198 1215 1236 1258 1279 1302 1300 1335 1358 1386 1410 1429 1444 1475 1517 1552 1579 1615 1640 1657 1665 1709 1735 1728 1728 1753 1792 1775 1767 1712 1701 1688 1665 1653 1693 1684 1649 1620 1672 1682 1671 1668 1725 1712 1672 1622 1577 1539 1503 1463 1408 1362 1355 1307 1314 1330 1310 1288 1246 1220 1244 1228 1206
